2.517000000000000000e+03
8.469000000000000000e+03
3.775000000000000000e+03
5.170000000000000000e+02
2.965000000000000000e+03
4.389000000000000000e+03
2.130000000000000000e+02
5.309000000000000000e+03
1.490000000000000000e+03
1.590000000000000000e+02
7.513000000000000000e+03
1.800000000000000000e+02
8.767000000000000000e+03
7.044000000000000000e+03
6.948000000000000000e+03
9.243000000000000000e+03
3.658000000000000000e+03
6.564000000000000000e+03
2.260000000000000000e+03
6.630000000000000000e+03
7.211000000000000000e+03
9.737000000000000000e+03
2.992000000000000000e+03
9.518000000000000000e+03
8.980000000000000000e+02
7.115000000000000000e+03
6.908000000000000000e+03
1.170000000000000000e+02
9.252000000000000000e+03
4.352000000000000000e+03
7.574000000000000000e+03
6.132000000000000000e+03
1.644000000000000000e+03
2.527000000000000000e+03
1.268000000000000000e+03
4.094000000000000000e+03
4.083000000000000000e+03
2.520000000000000000e+03
2.992000000000000000e+03
1.535000000000000000e+03
1.689000000000000000e+03
2.123000000000000000e+03
4.350000000000000000e+03
8.217000000000000000e+03
6.872000000000000000e+03
3.943000000000000000e+03
2.779000000000000000e+03
8.428000000000000000e+03
2.137000000000000000e+03
5.088000000000000000e+03
1.487000000000000000e+03
1.321000000000000000e+03
7.296000000000000000e+03
8.941000000000000000e+03
2.377000000000000000e+03
6.385000000000000000e+03
9.005000000000000000e+03
6.410000000000000000e+03
4.119000000000000000e+03
2.959000000000000000e+03
4.528000000000000000e+03
8.782000000000000000e+03
6.206000000000000000e+03
9.189000000000000000e+03
7.043000000000000000e+03
7.019000000000000000e+03
6.432000000000000000e+03
3.592000000000000000e+03
7.265000000000000000e+03
4.893000000000000000e+03
3.604000000000000000e+03
3.117000000000000000e+03
8.840000000000000000e+02
5.301000000000000000e+03
9.096000000000000000e+03
6.874000000000000000e+03
6.630000000000000000e+03
1.780000000000000000e+03
1.108000000000000000e+03
8.533000000000000000e+03
7.174000000000000000e+03
3.066000000000000000e+03
9.362000000000000000e+03
1.432000000000000000e+03
8.596000000000000000e+03
3.053000000000000000e+03
1.413000000000000000e+03
7.827000000000000000e+03
4.783000000000000000e+03
1.409000000000000000e+03
5.863000000000000000e+03
4.530000000000000000e+02
8.820000000000000000e+03
2.825000000000000000e+03
5.161000000000000000e+03
7.961000000000000000e+03
4.583000000000000000e+03
6.470000000000000000e+03
7.683000000000000000e+03
2.841000000000000000e+03
8.113000000000000000e+03
9.181000000000000000e+03
6.098000000000000000e+03
3.949000000000000000e+03
8.153000000000000000e+03
9.484000000000000000e+03
7.902000000000000000e+03
2.778000000000000000e+03
6.973000000000000000e+03
6.477000000000000000e+03
3.800000000000000000e+02
9.851000000000000000e+03
6.721000000000000000e+03
9.030000000000000000e+03
1.780000000000000000e+03
2.654000000000000000e+03
1.690000000000000000e+02
5.788000000000000000e+03
9.173000000000000000e+03
5.454000000000000000e+03
5.838000000000000000e+03
6.957000000000000000e+03
2.092000000000000000e+03
2.707000000000000000e+03
5.037000000000000000e+03
3.875000000000000000e+03
7.654000000000000000e+03
4.622000000000000000e+03
8.732000000000000000e+03
2.023000000000000000e+03
8.495000000000000000e+03
7.166000000000000000e+03
4.375000000000000000e+03
5.296000000000000000e+03
4.945000000000000000e+03
1.924000000000000000e+03
5.464000000000000000e+03
2.330000000000000000e+03
7.068000000000000000e+03
8.945000000000000000e+03
9.333000000000000000e+03
2.614000000000000000e+03
9.702000000000000000e+03
9.063000000000000000e+03
9.030000000000000000e+03
9.730000000000000000e+03
2.886000000000000000e+03
1.937000000000000000e+03
6.674000000000000000e+03
5.169000000000000000e+03
3.729000000000000000e+03
1.634000000000000000e+03
3.421000000000000000e+03
2.043000000000000000e+03
8.593000000000000000e+03
3.040000000000000000e+03
3.810000000000000000e+02
4.388000000000000000e+03
4.542000000000000000e+03
2.322000000000000000e+03
9.321000000000000000e+03
8.472000000000000000e+03
1.886000000000000000e+03
7.411000000000000000e+03
1.745000000000000000e+03
6.670000000000000000e+02
4.851000000000000000e+03
7.182000000000000000e+03
4.615000000000000000e+03
3.016000000000000000e+03
1.564000000000000000e+03
1.159000000000000000e+03
2.512000000000000000e+03
8.140000000000000000e+03
3.931000000000000000e+03
6.020000000000000000e+03
3.192000000000000000e+03
7.732000000000000000e+03
4.605000000000000000e+03
8.142000000000000000e+03
1.660000000000000000e+03
1.915000000000000000e+03
9.428000000000000000e+03
4.785000000000000000e+03
9.412000000000000000e+03
1.002000000000000000e+03
3.330000000000000000e+03
7.621000000000000000e+03
3.548000000000000000e+03
2.058000000000000000e+03
4.949000000000000000e+03
9.393000000000000000e+03
8.048000000000000000e+03
5.313000000000000000e+03
2.576000000000000000e+03
8.671000000000000000e+03
7.859000000000000000e+03
2.528000000000000000e+03
5.365000000000000000e+03
1.317000000000000000e+03
6.955000000000000000e+03
3.283000000000000000e+03
1.440000000000000000e+03
2.610000000000000000e+03
7.402000000000000000e+03
7.380000000000000000e+02
5.933000000000000000e+03
4.610000000000000000e+03
7.953000000000000000e+03
6.636000000000000000e+03
2.991000000000000000e+03
8.489000000000000000e+03
4.220000000000000000e+02
9.583000000000000000e+03
2.685000000000000000e+03
5.871000000000000000e+03
1.639000000000000000e+03
9.393000000000000000e+03
6.141000000000000000e+03
6.939000000000000000e+03
4.019000000000000000e+03
1.130000000000000000e+02
9.510000000000000000e+03
9.579000000000000000e+03
9.320000000000000000e+02
5.569000000000000000e+03
3.153000000000000000e+03
5.921000000000000000e+03
3.555000000000000000e+03
2.687000000000000000e+03
4.145000000000000000e+03
1.494000000000000000e+03
3.139000000000000000e+03
7.200000000000000000e+02
1.668000000000000000e+03
2.424000000000000000e+03
2.220000000000000000e+02
5.077000000000000000e+03
4.862000000000000000e+03
9.428000000000000000e+03
9.018000000000000000e+03
2.785000000000000000e+03
9.607000000000000000e+03
5.353000000000000000e+03
2.367000000000000000e+03
9.112000000000000000e+03
6.215000000000000000e+03
2.987000000000000000e+03
7.351000000000000000e+03
7.546000000000000000e+03
8.803000000000000000e+03
8.702000000000000000e+03
9.495000000000000000e+03
8.069000000000000000e+03
7.563000000000000000e+03
1.940000000000000000e+03
7.080000000000000000e+02
8.395000000000000000e+03
9.673000000000000000e+03
2.870000000000000000e+03
4.849000000000000000e+03
7.338000000000000000e+03
6.780000000000000000e+03
8.210000000000000000e+02
1.464000000000000000e+03
5.384000000000000000e+03
7.990000000000000000e+02
2.550000000000000000e+03
6.322000000000000000e+03
1.540000000000000000e+02
6.470000000000000000e+03
8.183000000000000000e+03
8.420000000000000000e+02
8.847000000000000000e+03
9.017000000000000000e+03
9.517000000000000000e+03
8.564000000000000000e+03
6.989000000000000000e+03
1.692000000000000000e+03
9.488000000000000000e+03
3.680000000000000000e+03
9.051000000000000000e+03
1.078000000000000000e+03
1.859000000000000000e+03
3.916000000000000000e+03
3.193000000000000000e+03
2.890000000000000000e+03
1.477000000000000000e+03
3.717000000000000000e+03
7.721000000000000000e+03
9.073000000000000000e+03
1.648000000000000000e+03
9.559000000000000000e+03
4.800000000000000000e+02
9.524000000000000000e+03
2.044000000000000000e+03
8.840000000000000000e+02
3.456000000000000000e+03
9.510000000000000000e+03
9.121000000000000000e+03
5.963000000000000000e+03
9.228000000000000000e+03
8.832000000000000000e+03
6.940000000000000000e+03
5.241000000000000000e+03
9.049000000000000000e+03
7.421000000000000000e+03
1.983000000000000000e+03
6.852000000000000000e+03
3.056000000000000000e+03
4.552000000000000000e+03
1.857000000000000000e+03
9.214000000000000000e+03
8.314000000000000000e+03
1.695000000000000000e+03
3.945000000000000000e+03
5.983000000000000000e+03
8.976000000000000000e+03
2.730000000000000000e+03
9.502000000000000000e+03
5.261000000000000000e+03
1.969000000000000000e+03
1.722000000000000000e+03
5.838000000000000000e+03
3.382000000000000000e+03
5.980000000000000000e+02
2.827000000000000000e+03
6.583000000000000000e+03
7.910000000000000000e+03
1.929000000000000000e+03
3.230000000000000000e+03
5.754000000000000000e+03
6.017000000000000000e+03
3.800000000000000000e+03
2.333000000000000000e+03
6.950000000000000000e+02
5.208000000000000000e+03
2.920000000000000000e+03
5.085000000000000000e+03
2.311000000000000000e+03
4.970000000000000000e+03
6.970000000000000000e+03
8.766000000000000000e+03
8.134000000000000000e+03
2.146000000000000000e+03
6.848000000000000000e+03
1.114000000000000000e+03
4.986000000000000000e+03
2.475000000000000000e+03
1.349000000000000000e+03
6.276000000000000000e+03
5.721000000000000000e+03
5.148000000000000000e+03
3.960000000000000000e+03
1.760000000000000000e+02
8.675000000000000000e+03
2.794000000000000000e+03
1.080000000000000000e+02
9.818000000000000000e+03
1.872000000000000000e+03
2.866000000000000000e+03
3.787000000000000000e+03
9.390000000000000000e+03
3.222000000000000000e+03
1.825000000000000000e+03
9.510000000000000000e+02
2.200000000000000000e+01
7.260000000000000000e+02
7.952000000000000000e+03
2.160000000000000000e+02
7.985000000000000000e+03
1.997000000000000000e+03
8.000000000000000000e+00
3.732000000000000000e+03
1.070000000000000000e+03
7.436000000000000000e+03
7.185000000000000000e+03
4.422000000000000000e+03
5.936000000000000000e+03
2.770000000000000000e+03
4.272000000000000000e+03
7.570000000000000000e+02
9.104000000000000000e+03
4.154000000000000000e+03
1.755000000000000000e+03
8.818000000000000000e+03
6.441000000000000000e+03
2.830000000000000000e+03
9.703000000000000000e+03
7.824000000000000000e+03
8.608000000000000000e+03
3.873000000000000000e+03
7.349000000000000000e+03
8.133000000000000000e+03
4.693000000000000000e+03
7.265000000000000000e+03
7.917000000000000000e+03
6.005000000000000000e+03
1.270000000000000000e+03
6.457000000000000000e+03
7.183000000000000000e+03
9.610000000000000000e+02
1.800000000000000000e+02
3.046000000000000000e+03
1.924000000000000000e+03
6.233000000000000000e+03
3.158000000000000000e+03
7.340000000000000000e+03
7.210000000000000000e+03
7.719000000000000000e+03
9.852000000000000000e+03
7.943000000000000000e+03
1.552000000000000000e+03
1.185000000000000000e+03
2.490000000000000000e+03
8.120000000000000000e+02
6.156000000000000000e+03
1.801000000000000000e+03
6.745000000000000000e+03
8.766000000000000000e+03
7.749000000000000000e+03
3.564000000000000000e+03
5.431000000000000000e+03
8.430000000000000000e+03
1.549000000000000000e+03
9.084000000000000000e+03
5.273000000000000000e+03
1.935000000000000000e+03
2.484000000000000000e+03
8.999000000000000000e+03
5.324000000000000000e+03
7.459000000000000000e+03
5.204000000000000000e+03
2.117000000000000000e+03
4.790000000000000000e+03
6.209000000000000000e+03
8.780000000000000000e+03
6.975000000000000000e+03
8.230000000000000000e+02
2.501000000000000000e+03
9.690000000000000000e+03
5.175000000000000000e+03
6.500000000000000000e+03
7.255000000000000000e+03
6.986000000000000000e+03
7.047000000000000000e+03
6.760000000000000000e+02
1.856000000000000000e+03
1.436000000000000000e+03
5.064000000000000000e+03
7.159000000000000000e+03
6.997000000000000000e+03
6.331000000000000000e+03
1.011000000000000000e+03
4.380000000000000000e+02
5.039000000000000000e+03
8.803000000000000000e+03
5.328000000000000000e+03
3.860000000000000000e+02
3.091000000000000000e+03
6.901000000000000000e+03
9.746000000000000000e+03
8.424000000000000000e+03
3.869000000000000000e+03
8.394000000000000000e+03
6.130000000000000000e+02
8.190000000000000000e+02
5.949000000000000000e+03
3.777000000000000000e+03
9.210000000000000000e+02
8.786000000000000000e+03
1.189000000000000000e+03
3.750000000000000000e+02
2.607000000000000000e+03
6.525000000000000000e+03
4.210000000000000000e+02
6.897000000000000000e+03
1.787000000000000000e+03
8.794000000000000000e+03
3.684000000000000000e+03
3.802000000000000000e+03
6.433000000000000000e+03
9.033000000000000000e+03
5.217000000000000000e+03
2.778000000000000000e+03
4.426000000000000000e+03
9.764000000000000000e+03
5.343000000000000000e+03
1.114000000000000000e+03
9.219000000000000000e+03
1.436000000000000000e+03
1.959000000000000000e+03
8.710000000000000000e+02
8.932000000000000000e+03
8.404000000000000000e+03
8.925000000000000000e+03
4.003000000000000000e+03
5.717000000000000000e+03
3.023000000000000000e+03
7.193000000000000000e+03
6.738000000000000000e+03
1.825000000000000000e+03
9.891000000000000000e+03
8.680000000000000000e+02
6.872000000000000000e+03
8.740000000000000000e+02
6.455000000000000000e+03
9.614000000000000000e+03
9.072000000000000000e+03
1.697000000000000000e+03
7.487000000000000000e+03
3.029000000000000000e+03
8.593000000000000000e+03
1.027000000000000000e+03
7.460000000000000000e+02
2.881000000000000000e+03
5.391000000000000000e+03
5.509000000000000000e+03
3.128000000000000000e+03
3.287000000000000000e+03
4.228000000000000000e+03
8.289000000000000000e+03
9.934000000000000000e+03
3.082000000000000000e+03
5.372000000000000000e+03
5.150000000000000000e+02
7.205000000000000000e+03
9.720000000000000000e+02
5.320000000000000000e+03
6.641000000000000000e+03
7.892000000000000000e+03
5.465000000000000000e+03
4.363000000000000000e+03
7.336000000000000000e+03
2.227000000000000000e+03
5.986000000000000000e+03
2.937000000000000000e+03
3.225000000000000000e+03
3.575000000000000000e+03
6.751000000000000000e+03
4.664000000000000000e+03
5.388000000000000000e+03
9.030000000000000000e+03
3.283000000000000000e+03
1.498000000000000000e+03
5.284000000000000000e+03
8.689000000000000000e+03
4.764000000000000000e+03
8.908000000000000000e+03
4.464000000000000000e+03
6.963000000000000000e+03
2.946000000000000000e+03
1.600000000000000000e+01
6.670000000000000000e+02
2.583000000000000000e+03
2.672000000000000000e+03
5.890000000000000000e+02
4.349000000000000000e+03
6.470000000000000000e+03
8.372000000000000000e+03
3.150000000000000000e+03
5.812000000000000000e+03
3.159000000000000000e+03
9.581000000000000000e+03
7.298000000000000000e+03
7.327000000000000000e+03
7.138000000000000000e+03
3.087000000000000000e+03
6.231000000000000000e+03
2.800000000000000000e+01
9.052000000000000000e+03
6.355000000000000000e+03
7.708000000000000000e+03
8.574000000000000000e+03
3.925000000000000000e+03
3.153000000000000000e+03
9.814000000000000000e+03
3.740000000000000000e+02
2.575000000000000000e+03
5.390000000000000000e+02
9.568000000000000000e+03
8.478000000000000000e+03
1.933000000000000000e+03
4.876000000000000000e+03
6.948000000000000000e+03
9.421000000000000000e+03
3.661000000000000000e+03
2.600000000000000000e+01
2.000000000000000000e+01
3.457000000000000000e+03
2.758000000000000000e+03
5.392000000000000000e+03
6.629000000000000000e+03
4.233000000000000000e+03
9.052000000000000000e+03
8.500000000000000000e+02
3.606000000000000000e+03
8.639000000000000000e+03
6.829000000000000000e+03
9.174000000000000000e+03
3.865000000000000000e+03
3.634000000000000000e+03
9.470000000000000000e+02
2.928000000000000000e+03
7.100000000000000000e+02
9.888000000000000000e+03
7.400000000000000000e+02
4.144000000000000000e+03
5.250000000000000000e+02
4.897000000000000000e+03
8.528000000000000000e+03
7.829000000000000000e+03
8.623000000000000000e+03
6.700000000000000000e+02
6.731000000000000000e+03
9.718000000000000000e+03
8.466000000000000000e+03
4.102000000000000000e+03
6.200000000000000000e+02
5.648000000000000000e+03
1.958000000000000000e+03
5.971000000000000000e+03
1.912000000000000000e+03
3.260000000000000000e+02
7.765000000000000000e+03
4.579000000000000000e+03
8.600000000000000000e+01
2.550000000000000000e+02
6.767000000000000000e+03
3.001000000000000000e+03
4.198000000000000000e+03
4.617000000000000000e+03
9.745000000000000000e+03
5.060000000000000000e+02
1.600000000000000000e+02
4.994000000000000000e+03
5.661000000000000000e+03
3.974000000000000000e+03
3.596000000000000000e+03
6.060000000000000000e+03
4.424000000000000000e+03
4.820000000000000000e+02
5.235000000000000000e+03
1.001000000000000000e+03
6.779000000000000000e+03
6.510000000000000000e+02
5.206000000000000000e+03
2.708000000000000000e+03
2.455000000000000000e+03
1.976000000000000000e+03
8.646000000000000000e+03
9.727000000000000000e+03
2.934000000000000000e+03
8.968000000000000000e+03
5.115000000000000000e+03
7.393000000000000000e+03
8.153000000000000000e+03
7.934000000000000000e+03
8.032000000000000000e+03
2.972000000000000000e+03
2.859000000000000000e+03
2.894000000000000000e+03
7.533000000000000000e+03
8.748000000000000000e+03
8.842000000000000000e+03
8.303000000000000000e+03
3.128000000000000000e+03
9.753000000000000000e+03
6.005000000000000000e+03
9.677000000000000000e+03
5.508000000000000000e+03
5.933000000000000000e+03
3.005000000000000000e+03
8.750000000000000000e+02
8.938000000000000000e+03
8.439000000000000000e+03
1.278000000000000000e+03
7.202000000000000000e+03
6.939000000000000000e+03
2.242000000000000000e+03
5.357000000000000000e+03
3.411000000000000000e+03
9.206000000000000000e+03
5.406000000000000000e+03
1.321000000000000000e+03
8.457000000000000000e+03
1.005000000000000000e+03
8.934000000000000000e+03
7.547000000000000000e+03
1.422000000000000000e+03
3.948000000000000000e+03
3.084000000000000000e+03
5.176000000000000000e+03
5.225000000000000000e+03
9.319000000000000000e+03
5.683000000000000000e+03
1.102000000000000000e+03
9.317000000000000000e+03
1.932000000000000000e+03
3.190000000000000000e+02
9.456000000000000000e+03
5.344000000000000000e+03
4.345000000000000000e+03
1.813000000000000000e+03
3.012000000000000000e+03
7.413000000000000000e+03
5.607000000000000000e+03
5.480000000000000000e+02
1.298000000000000000e+03
8.028000000000000000e+03
6.256000000000000000e+03
9.577000000000000000e+03
9.401000000000000000e+03
3.875000000000000000e+03
9.286000000000000000e+03
3.412000000000000000e+03
4.840000000000000000e+03
2.750000000000000000e+02
9.749000000000000000e+03
4.601000000000000000e+03
9.917000000000000000e+03
3.097000000000000000e+03
6.281000000000000000e+03
3.865000000000000000e+03
9.959000000000000000e+03
9.957000000000000000e+03
9.848000000000000000e+03
6.563000000000000000e+03
5.981000000000000000e+03
3.115000000000000000e+03
5.073000000000000000e+03
7.272000000000000000e+03
3.915000000000000000e+03
9.350000000000000000e+02
6.519000000000000000e+03
7.680000000000000000e+03
4.778000000000000000e+03
9.512000000000000000e+03
7.850000000000000000e+02
3.806000000000000000e+03
7.130000000000000000e+02
6.567000000000000000e+03
8.963000000000000000e+03
2.839000000000000000e+03
4.040000000000000000e+03
2.183000000000000000e+03
3.122000000000000000e+03
2.801000000000000000e+03
1.910000000000000000e+03
1.264000000000000000e+03
8.400000000000000000e+01
6.286000000000000000e+03
8.142000000000000000e+03
8.776000000000000000e+03
5.255000000000000000e+03
1.206000000000000000e+03
1.498000000000000000e+03
6.833000000000000000e+03
1.689000000000000000e+03
3.118000000000000000e+03
9.553000000000000000e+03
5.562000000000000000e+03
5.130000000000000000e+03
2.357000000000000000e+03
8.037000000000000000e+03
2.286000000000000000e+03
3.053000000000000000e+03
7.510000000000000000e+03
8.891000000000000000e+03
5.250000000000000000e+02
2.493000000000000000e+03
7.166000000000000000e+03
5.482000000000000000e+03
6.961000000000000000e+03
2.756000000000000000e+03
6.637000000000000000e+03
9.942000000000000000e+03
6.542000000000000000e+03
6.071000000000000000e+03
2.979000000000000000e+03
3.696000000000000000e+03
7.575000000000000000e+03
1.486000000000000000e+03
8.182000000000000000e+03
6.603000000000000000e+03
6.184000000000000000e+03
3.277000000000000000e+03
1.505000000000000000e+03
1.320000000000000000e+02
9.023000000000000000e+03
5.779000000000000000e+03
6.624000000000000000e+03
3.249000000000000000e+03
4.679000000000000000e+03
8.302000000000000000e+03
5.900000000000000000e+02
4.258000000000000000e+03
7.687000000000000000e+03
1.469000000000000000e+03
1.425000000000000000e+03
2.280000000000000000e+02
2.810000000000000000e+03
1.880000000000000000e+03
4.864000000000000000e+03
5.807000000000000000e+03
5.006000000000000000e+03
6.649000000000000000e+03
3.876000000000000000e+03
2.595000000000000000e+03
7.747000000000000000e+03
7.760000000000000000e+03
2.349000000000000000e+03
6.337000000000000000e+03
3.150000000000000000e+02
7.168000000000000000e+03
6.553000000000000000e+03
6.148000000000000000e+03
8.515000000000000000e+03
2.186000000000000000e+03
7.021000000000000000e+03
2.571000000000000000e+03
2.025000000000000000e+03
3.532000000000000000e+03
1.011000000000000000e+03
5.910000000000000000e+02
5.680000000000000000e+03
8.821000000000000000e+03
9.193000000000000000e+03
5.898000000000000000e+03
2.176000000000000000e+03
7.088000000000000000e+03
3.210000000000000000e+02
1.068000000000000000e+03
3.770000000000000000e+02
3.398000000000000000e+03
8.538000000000000000e+03
2.217000000000000000e+03
5.770000000000000000e+02
3.887000000000000000e+03
4.278000000000000000e+03
1.601000000000000000e+03
9.696000000000000000e+03
7.358000000000000000e+03
5.928000000000000000e+03
9.035000000000000000e+03
6.028000000000000000e+03
4.627000000000000000e+03
7.287000000000000000e+03
9.505000000000000000e+03
4.900000000000000000e+02
1.015000000000000000e+03
3.787000000000000000e+03
3.167000000000000000e+03
1.287000000000000000e+03
7.094000000000000000e+03
3.111000000000000000e+03
8.011000000000000000e+03
8.485000000000000000e+03
8.636000000000000000e+03
7.075000000000000000e+03
6.117000000000000000e+03
5.652000000000000000e+03
1.007000000000000000e+03
6.790000000000000000e+02
3.907000000000000000e+03
5.965000000000000000e+03
6.959000000000000000e+03
9.595000000000000000e+03
9.979000000000000000e+03
1.377000000000000000e+03
1.093000000000000000e+03
4.924000000000000000e+03
4.331000000000000000e+03
2.056000000000000000e+03
2.739000000000000000e+03
4.338000000000000000e+03
3.206000000000000000e+03
4.464000000000000000e+03
7.226000000000000000e+03
5.157000000000000000e+03
5.175000000000000000e+03
9.065000000000000000e+03
6.246000000000000000e+03
4.526000000000000000e+03
1.422000000000000000e+03
7.827000000000000000e+03
5.282000000000000000e+03
1.683000000000000000e+03
1.844000000000000000e+03
3.624000000000000000e+03
2.154000000000000000e+03
9.881000000000000000e+03
2.605000000000000000e+03
1.070000000000000000e+03
5.157000000000000000e+03
7.884000000000000000e+03
3.722000000000000000e+03
8.472000000000000000e+03
1.071000000000000000e+03
5.036000000000000000e+03
8.474000000000000000e+03
2.065000000000000000e+03
2.442000000000000000e+03
3.751000000000000000e+03
2.740000000000000000e+02
1.958000000000000000e+03
8.165000000000000000e+03
5.248000000000000000e+03
6.515000000000000000e+03
7.673000000000000000e+03
5.311000000000000000e+03
1.686000000000000000e+03
4.343000000000000000e+03
9.145000000000000000e+03
3.684000000000000000e+03
4.480000000000000000e+02
4.003000000000000000e+03
8.767000000000000000e+03
8.036000000000000000e+03
2.930000000000000000e+02
1.725000000000000000e+03
6.900000000000000000e+02
9.713000000000000000e+03
6.567000000000000000e+03
2.316000000000000000e+03
3.959000000000000000e+03
8.605000000000000000e+03
3.549000000000000000e+03
8.449000000000000000e+03
9.841000000000000000e+03
6.820000000000000000e+02
7.904000000000000000e+03
7.997000000000000000e+03
4.748000000000000000e+03
2.201000000000000000e+03
5.386000000000000000e+03
6.569000000000000000e+03
2.787000000000000000e+03
2.952000000000000000e+03
4.000000000000000000e+03
9.550000000000000000e+02
4.450000000000000000e+02
8.099000000000000000e+03
1.234000000000000000e+03
1.000000000000000000e+02
2.711000000000000000e+03
2.840000000000000000e+03
1.755000000000000000e+03
1.661000000000000000e+03
1.649000000000000000e+03
9.197000000000000000e+03
8.042000000000000000e+03
9.170000000000000000e+02
7.318000000000000000e+03
4.058000000000000000e+03
4.960000000000000000e+02
5.654000000000000000e+03
5.234000000000000000e+03
7.832000000000000000e+03
1.778000000000000000e+03
1.813000000000000000e+03
7.091000000000000000e+03
7.060000000000000000e+03
8.082000000000000000e+03
6.998000000000000000e+03
8.704000000000000000e+03
1.888000000000000000e+03
1.727000000000000000e+03
7.479000000000000000e+03
8.592000000000000000e+03
5.015000000000000000e+03
1.378000000000000000e+03
8.652000000000000000e+03
6.328000000000000000e+03
4.651000000000000000e+03
7.048000000000000000e+03
2.904000000000000000e+03
3.817000000000000000e+03
5.804000000000000000e+03
5.278000000000000000e+03
3.747000000000000000e+03
9.695000000000000000e+03
9.020000000000000000e+02
5.161000000000000000e+03
2.149000000000000000e+03
8.446000000000000000e+03
4.777000000000000000e+03
4.873000000000000000e+03
4.462000000000000000e+03
8.348000000000000000e+03
9.148000000000000000e+03
3.743000000000000000e+03
8.376000000000000000e+03
5.610000000000000000e+02
9.998000000000000000e+03
1.357000000000000000e+03
5.322000000000000000e+03
3.498000000000000000e+03
9.790000000000000000e+02
2.139000000000000000e+03
