6.967000000000000000e+03
3.662000000000000000e+03
5.123000000000000000e+03
5.100000000000000000e+03
1.983000000000000000e+03
6.569000000000000000e+03
4.310000000000000000e+02
2.342000000000000000e+03
8.200000000000000000e+01
7.985000000000000000e+03
1.433000000000000000e+03
9.050000000000000000e+02
8.748000000000000000e+03
1.729000000000000000e+03
2.689000000000000000e+03
2.304000000000000000e+03
7.602000000000000000e+03
6.176000000000000000e+03
2.835000000000000000e+03
7.424000000000000000e+03
7.881000000000000000e+03
3.070000000000000000e+03
4.317000000000000000e+03
4.846000000000000000e+03
3.741000000000000000e+03
1.744000000000000000e+03
7.977000000000000000e+03
9.006000000000000000e+03
8.381000000000000000e+03
7.704000000000000000e+03
9.960000000000000000e+02
9.445000000000000000e+03
2.140000000000000000e+03
4.392000000000000000e+03
4.136000000000000000e+03
7.068000000000000000e+03
5.871000000000000000e+03
2.308000000000000000e+03
5.150000000000000000e+03
7.623000000000000000e+03
3.191000000000000000e+03
7.334000000000000000e+03
5.382000000000000000e+03
7.594000000000000000e+03
7.218000000000000000e+03
5.569000000000000000e+03
5.940000000000000000e+03
7.588000000000000000e+03
2.235000000000000000e+03
8.135000000000000000e+03
7.621000000000000000e+03
3.093000000000000000e+03
3.899000000000000000e+03
2.390000000000000000e+03
5.694000000000000000e+03
7.492000000000000000e+03
2.862000000000000000e+03
7.701000000000000000e+03
3.068000000000000000e+03
7.839000000000000000e+03
6.523000000000000000e+03
5.123000000000000000e+03
1.654000000000000000e+03
8.709000000000000000e+03
2.997000000000000000e+03
3.548000000000000000e+03
1.446000000000000000e+03
8.404000000000000000e+03
4.400000000000000000e+01
3.380000000000000000e+02
4.494000000000000000e+03
6.328000000000000000e+03
9.091000000000000000e+03
4.139000000000000000e+03
3.935000000000000000e+03
9.352000000000000000e+03
7.955000000000000000e+03
8.712000000000000000e+03
1.004000000000000000e+03
7.375000000000000000e+03
1.251000000000000000e+03
4.587000000000000000e+03
2.295000000000000000e+03
4.012000000000000000e+03
9.731000000000000000e+03
4.550000000000000000e+03
3.251000000000000000e+03
9.312000000000000000e+03
5.187000000000000000e+03
5.400000000000000000e+01
1.963000000000000000e+03
9.513000000000000000e+03
3.682000000000000000e+03
5.256000000000000000e+03
8.967000000000000000e+03
6.725000000000000000e+03
2.118000000000000000e+03
3.320000000000000000e+02
6.810000000000000000e+03
4.864000000000000000e+03
9.970000000000000000e+03
4.809000000000000000e+03
8.793000000000000000e+03
3.574000000000000000e+03
2.930000000000000000e+03
4.490000000000000000e+03
5.900000000000000000e+01
7.930000000000000000e+03
4.672000000000000000e+03
4.644000000000000000e+03
9.706000000000000000e+03
6.320000000000000000e+03
4.416000000000000000e+03
4.922000000000000000e+03
6.390000000000000000e+02
7.362000000000000000e+03
7.021000000000000000e+03
6.900000000000000000e+01
7.935000000000000000e+03
1.811000000000000000e+03
1.693000000000000000e+03
3.460000000000000000e+02
4.404000000000000000e+03
8.641000000000000000e+03
1.371000000000000000e+03
1.619000000000000000e+03
4.950000000000000000e+03
6.908000000000000000e+03
4.041000000000000000e+03
2.172000000000000000e+03
2.253000000000000000e+03
8.771000000000000000e+03
8.280000000000000000e+03
5.467000000000000000e+03
4.351000000000000000e+03
6.850000000000000000e+03
8.158000000000000000e+03
3.710000000000000000e+03
2.970000000000000000e+03
2.681000000000000000e+03
8.641000000000000000e+03
8.994000000000000000e+03
5.502000000000000000e+03
1.700000000000000000e+03
8.133000000000000000e+03
3.903000000000000000e+03
6.393000000000000000e+03
1.424000000000000000e+03
4.591000000000000000e+03
5.594000000000000000e+03
9.240000000000000000e+02
5.395000000000000000e+03
8.363000000000000000e+03
2.362000000000000000e+03
3.036000000000000000e+03
3.221000000000000000e+03
6.860000000000000000e+03
5.016000000000000000e+03
6.862000000000000000e+03
3.541000000000000000e+03
2.674000000000000000e+03
7.700000000000000000e+03
7.420000000000000000e+03
4.496000000000000000e+03
2.444000000000000000e+03
1.710000000000000000e+03
8.390000000000000000e+02
8.061000000000000000e+03
3.444000000000000000e+03
7.565000000000000000e+03
1.613000000000000000e+03
6.130000000000000000e+03
7.334000000000000000e+03
3.552000000000000000e+03
9.023000000000000000e+03
9.375000000000000000e+03
5.206000000000000000e+03
5.160000000000000000e+03
5.400000000000000000e+01
7.622000000000000000e+03
3.959000000000000000e+03
1.859000000000000000e+03
3.420000000000000000e+02
1.113000000000000000e+03
7.107000000000000000e+03
2.573000000000000000e+03
9.280000000000000000e+03
2.986000000000000000e+03
4.307000000000000000e+03
5.058000000000000000e+03
3.213000000000000000e+03
4.532000000000000000e+03
2.353000000000000000e+03
7.500000000000000000e+03
3.076000000000000000e+03
9.762000000000000000e+03
9.604000000000000000e+03
8.509000000000000000e+03
6.176000000000000000e+03
9.814000000000000000e+03
1.514000000000000000e+03
5.688000000000000000e+03
7.234000000000000000e+03
7.726000000000000000e+03
7.172000000000000000e+03
4.212000000000000000e+03
4.692000000000000000e+03
5.795000000000000000e+03
1.790000000000000000e+02
7.193000000000000000e+03
3.590000000000000000e+03
2.900000000000000000e+03
3.743000000000000000e+03
2.240000000000000000e+02
9.542000000000000000e+03
4.868000000000000000e+03
7.318000000000000000e+03
6.300000000000000000e+02
7.278000000000000000e+03
1.861000000000000000e+03
9.870000000000000000e+02
2.602000000000000000e+03
7.440000000000000000e+03
4.115000000000000000e+03
2.210000000000000000e+02
7.246000000000000000e+03
1.149000000000000000e+03
5.825000000000000000e+03
3.181000000000000000e+03
3.820000000000000000e+03
9.055000000000000000e+03
4.951000000000000000e+03
1.861000000000000000e+03
4.806000000000000000e+03
8.685000000000000000e+03
3.385000000000000000e+03
9.287000000000000000e+03
3.978000000000000000e+03
1.377000000000000000e+03
9.945000000000000000e+03
2.230000000000000000e+03
4.655000000000000000e+03
2.498000000000000000e+03
5.521000000000000000e+03
6.717000000000000000e+03
8.329000000000000000e+03
4.297000000000000000e+03
8.462000000000000000e+03
9.145000000000000000e+03
4.348000000000000000e+03
5.358000000000000000e+03
3.063000000000000000e+03
1.342000000000000000e+03
8.980000000000000000e+03
5.280000000000000000e+02
4.346000000000000000e+03
1.418000000000000000e+03
6.810000000000000000e+02
5.019000000000000000e+03
1.922000000000000000e+03
3.152000000000000000e+03
5.613000000000000000e+03
2.877000000000000000e+03
9.850000000000000000e+02
9.098000000000000000e+03
7.690000000000000000e+02
6.715000000000000000e+03
4.294000000000000000e+03
1.928000000000000000e+03
9.824000000000000000e+03
9.848000000000000000e+03
8.241000000000000000e+03
5.943000000000000000e+03
3.527000000000000000e+03
5.618000000000000000e+03
1.658000000000000000e+03
9.439000000000000000e+03
2.318000000000000000e+03
1.526000000000000000e+03
8.733000000000000000e+03
9.286000000000000000e+03
7.652000000000000000e+03
3.053000000000000000e+03
3.062000000000000000e+03
1.197000000000000000e+03
9.147000000000000000e+03
6.817000000000000000e+03
2.827000000000000000e+03
8.289000000000000000e+03
9.080000000000000000e+03
2.651000000000000000e+03
4.387000000000000000e+03
9.003000000000000000e+03
5.605000000000000000e+03
1.479000000000000000e+03
4.160000000000000000e+02
8.239000000000000000e+03
5.379000000000000000e+03
5.784000000000000000e+03
1.527000000000000000e+03
2.390000000000000000e+02
5.976000000000000000e+03
9.799000000000000000e+03
5.613000000000000000e+03
1.258000000000000000e+03
2.144000000000000000e+03
6.610000000000000000e+02
1.929000000000000000e+03
1.578000000000000000e+03
2.214000000000000000e+03
3.885000000000000000e+03
6.620000000000000000e+03
8.660000000000000000e+03
3.501000000000000000e+03
2.870000000000000000e+02
3.460000000000000000e+02
3.872000000000000000e+03
6.868000000000000000e+03
5.383000000000000000e+03
7.719000000000000000e+03
4.337000000000000000e+03
6.890000000000000000e+02
6.271000000000000000e+03
4.305000000000000000e+03
2.049000000000000000e+03
6.708000000000000000e+03
3.929000000000000000e+03
4.326000000000000000e+03
4.672000000000000000e+03
9.887000000000000000e+03
7.957000000000000000e+03
7.114000000000000000e+03
7.110000000000000000e+03
5.039000000000000000e+03
2.595000000000000000e+03
4.484000000000000000e+03
5.023000000000000000e+03
1.282000000000000000e+03
5.303000000000000000e+03
7.015000000000000000e+03
5.630000000000000000e+02
3.282000000000000000e+03
1.538000000000000000e+03
6.540000000000000000e+03
7.391000000000000000e+03
8.994000000000000000e+03
6.178000000000000000e+03
7.165000000000000000e+03
4.164000000000000000e+03
1.671000000000000000e+03
5.135000000000000000e+03
3.000000000000000000e+01
5.304000000000000000e+03
6.804000000000000000e+03
9.227000000000000000e+03
8.435000000000000000e+03
2.877000000000000000e+03
3.993000000000000000e+03
9.170000000000000000e+02
1.383000000000000000e+03
1.293000000000000000e+03
9.340000000000000000e+03
7.169000000000000000e+03
8.889000000000000000e+03
5.034000000000000000e+03
9.749000000000000000e+03
9.744000000000000000e+03
9.379000000000000000e+03
3.753000000000000000e+03
7.214000000000000000e+03
5.130000000000000000e+03
9.790000000000000000e+02
6.060000000000000000e+02
1.130000000000000000e+03
4.792000000000000000e+03
9.566000000000000000e+03
5.360000000000000000e+02
7.628000000000000000e+03
9.326000000000000000e+03
3.381000000000000000e+03
4.045000000000000000e+03
6.514000000000000000e+03
1.180000000000000000e+03
8.451000000000000000e+03
8.486000000000000000e+03
8.964000000000000000e+03
9.918000000000000000e+03
5.939000000000000000e+03
5.210000000000000000e+02
2.737000000000000000e+03
1.566000000000000000e+03
3.000000000000000000e+02
7.639000000000000000e+03
2.716000000000000000e+03
1.733000000000000000e+03
4.339000000000000000e+03
2.589000000000000000e+03
8.251000000000000000e+03
2.545000000000000000e+03
3.738000000000000000e+03
8.131000000000000000e+03
7.135000000000000000e+03
1.732000000000000000e+03
5.013000000000000000e+03
3.830000000000000000e+03
6.083000000000000000e+03
2.916000000000000000e+03
9.223000000000000000e+03
9.778000000000000000e+03
7.663000000000000000e+03
2.375000000000000000e+03
5.066000000000000000e+03
9.043000000000000000e+03
6.174000000000000000e+03
9.931000000000000000e+03
3.915000000000000000e+03
3.204000000000000000e+03
8.773000000000000000e+03
3.120000000000000000e+02
4.655000000000000000e+03
9.386000000000000000e+03
3.933000000000000000e+03
3.036000000000000000e+03
7.615000000000000000e+03
4.712000000000000000e+03
6.633000000000000000e+03
7.102000000000000000e+03
6.984000000000000000e+03
9.867000000000000000e+03
4.455000000000000000e+03
6.378000000000000000e+03
9.490000000000000000e+03
4.550000000000000000e+03
1.259000000000000000e+03
5.677000000000000000e+03
1.642000000000000000e+03
2.035000000000000000e+03
7.795000000000000000e+03
4.408000000000000000e+03
7.854000000000000000e+03
4.111000000000000000e+03
7.000000000000000000e+03
2.221000000000000000e+03
2.441000000000000000e+03
7.311000000000000000e+03
1.397000000000000000e+03
1.719000000000000000e+03
8.050000000000000000e+03
9.090000000000000000e+03
7.759000000000000000e+03
7.797000000000000000e+03
9.103000000000000000e+03
8.108000000000000000e+03
9.417000000000000000e+03
6.328000000000000000e+03
3.366000000000000000e+03
1.540000000000000000e+03
6.397000000000000000e+03
3.144000000000000000e+03
7.508000000000000000e+03
6.631000000000000000e+03
2.719000000000000000e+03
2.950000000000000000e+03
6.426000000000000000e+03
4.382000000000000000e+03
8.500000000000000000e+01
9.155000000000000000e+03
8.587000000000000000e+03
7.946000000000000000e+03
7.863000000000000000e+03
9.024000000000000000e+03
3.116000000000000000e+03
9.344000000000000000e+03
8.299000000000000000e+03
4.061000000000000000e+03
5.840000000000000000e+02
7.713000000000000000e+03
1.389000000000000000e+03
9.234000000000000000e+03
1.249000000000000000e+03
7.151000000000000000e+03
9.214000000000000000e+03
8.715000000000000000e+03
9.324000000000000000e+03
2.910000000000000000e+03
2.401000000000000000e+03
8.061000000000000000e+03
1.088000000000000000e+03
5.960000000000000000e+02
1.388000000000000000e+03
2.262000000000000000e+03
9.916000000000000000e+03
4.042000000000000000e+03
6.437000000000000000e+03
6.037000000000000000e+03
7.770000000000000000e+03
1.716000000000000000e+03
6.151000000000000000e+03
4.553000000000000000e+03
6.742000000000000000e+03
2.610000000000000000e+02
6.632000000000000000e+03
2.634000000000000000e+03
8.439000000000000000e+03
7.687000000000000000e+03
1.554000000000000000e+03
2.418000000000000000e+03
5.565000000000000000e+03
8.662000000000000000e+03
8.096000000000000000e+03
8.340000000000000000e+02
7.066000000000000000e+03
2.098000000000000000e+03
1.888000000000000000e+03
3.081000000000000000e+03
8.389000000000000000e+03
8.113000000000000000e+03
6.379000000000000000e+03
6.499000000000000000e+03
4.885000000000000000e+03
6.766000000000000000e+03
1.455000000000000000e+03
3.227000000000000000e+03
2.368000000000000000e+03
7.730000000000000000e+03
5.725000000000000000e+03
2.870000000000000000e+03
2.784000000000000000e+03
8.194000000000000000e+03
6.295000000000000000e+03
2.670000000000000000e+02
8.947000000000000000e+03
4.270000000000000000e+02
4.476000000000000000e+03
6.548000000000000000e+03
1.942000000000000000e+03
7.688000000000000000e+03
5.602000000000000000e+03
4.986000000000000000e+03
2.516000000000000000e+03
1.700000000000000000e+03
3.217000000000000000e+03
4.039000000000000000e+03
9.268000000000000000e+03
9.760000000000000000e+02
7.379000000000000000e+03
3.359000000000000000e+03
6.435000000000000000e+03
5.678000000000000000e+03
1.110000000000000000e+03
2.135000000000000000e+03
1.712000000000000000e+03
6.261000000000000000e+03
5.248000000000000000e+03
9.089000000000000000e+03
2.160000000000000000e+03
7.643000000000000000e+03
3.015000000000000000e+03
9.924000000000000000e+03
2.939000000000000000e+03
5.221000000000000000e+03
3.136000000000000000e+03
7.340000000000000000e+02
4.748000000000000000e+03
3.264000000000000000e+03
9.904000000000000000e+03
1.355000000000000000e+03
8.157000000000000000e+03
1.855000000000000000e+03
2.340000000000000000e+02
8.739000000000000000e+03
6.071000000000000000e+03
1.172000000000000000e+03
7.195000000000000000e+03
1.359000000000000000e+03
9.689000000000000000e+03
5.049000000000000000e+03
5.772000000000000000e+03
3.289000000000000000e+03
7.848000000000000000e+03
1.301000000000000000e+03
3.573000000000000000e+03
2.212000000000000000e+03
6.054000000000000000e+03
1.470000000000000000e+02
4.863000000000000000e+03
2.310000000000000000e+03
1.460000000000000000e+03
7.063000000000000000e+03
7.022000000000000000e+03
6.873000000000000000e+03
9.768000000000000000e+03
8.492000000000000000e+03
2.341000000000000000e+03
2.867000000000000000e+03
5.273000000000000000e+03
8.781000000000000000e+03
7.106000000000000000e+03
1.448000000000000000e+03
1.689000000000000000e+03
5.458000000000000000e+03
7.649000000000000000e+03
9.044000000000000000e+03
8.210000000000000000e+03
9.717000000000000000e+03
9.754000000000000000e+03
9.199000000000000000e+03
2.255000000000000000e+03
9.597000000000000000e+03
5.739000000000000000e+03
1.962000000000000000e+03
3.355000000000000000e+03
4.816000000000000000e+03
9.373000000000000000e+03
6.206000000000000000e+03
5.132000000000000000e+03
2.237000000000000000e+03
1.212000000000000000e+03
6.610000000000000000e+03
7.307000000000000000e+03
4.867000000000000000e+03
8.639000000000000000e+03
6.751000000000000000e+03
7.403000000000000000e+03
8.912000000000000000e+03
6.646000000000000000e+03
3.119000000000000000e+03
5.831000000000000000e+03
9.745000000000000000e+03
1.525000000000000000e+03
9.620000000000000000e+02
5.324000000000000000e+03
5.419000000000000000e+03
4.300000000000000000e+03
6.852000000000000000e+03
4.533000000000000000e+03
8.755000000000000000e+03
3.106000000000000000e+03
3.885000000000000000e+03
4.874000000000000000e+03
5.540000000000000000e+03
5.438000000000000000e+03
8.026000000000000000e+03
1.510000000000000000e+03
1.898000000000000000e+03
9.247000000000000000e+03
4.765000000000000000e+03
9.813000000000000000e+03
2.058000000000000000e+03
6.130000000000000000e+03
8.554000000000000000e+03
9.780000000000000000e+02
5.157000000000000000e+03
4.480000000000000000e+03
9.899000000000000000e+03
9.596000000000000000e+03
8.447000000000000000e+03
5.300000000000000000e+01
6.264000000000000000e+03
5.609000000000000000e+03
9.873000000000000000e+03
1.331000000000000000e+03
1.728000000000000000e+03
4.333000000000000000e+03
6.960000000000000000e+02
4.035000000000000000e+03
5.761000000000000000e+03
1.638000000000000000e+03
9.645000000000000000e+03
5.179000000000000000e+03
9.292000000000000000e+03
4.879000000000000000e+03
1.728000000000000000e+03
7.441000000000000000e+03
2.326000000000000000e+03
6.441000000000000000e+03
7.840000000000000000e+03
1.706000000000000000e+03
7.033000000000000000e+03
5.502000000000000000e+03
1.132000000000000000e+03
2.074000000000000000e+03
8.435000000000000000e+03
9.398000000000000000e+03
4.194000000000000000e+03
8.687000000000000000e+03
4.368000000000000000e+03
6.580000000000000000e+03
9.240000000000000000e+02
5.743000000000000000e+03
8.757000000000000000e+03
7.560000000000000000e+02
1.668000000000000000e+03
7.873000000000000000e+03
8.696000000000000000e+03
1.388000000000000000e+03
5.990000000000000000e+03
8.200000000000000000e+01
8.668000000000000000e+03
2.307000000000000000e+03
6.750000000000000000e+02
7.460000000000000000e+03
6.133000000000000000e+03
6.267000000000000000e+03
3.877000000000000000e+03
1.830000000000000000e+03
9.368000000000000000e+03
8.366000000000000000e+03
4.640000000000000000e+03
2.194000000000000000e+03
3.290000000000000000e+02
1.141000000000000000e+03
7.845000000000000000e+03
7.046000000000000000e+03
4.428000000000000000e+03
8.430000000000000000e+03
3.967000000000000000e+03
1.628000000000000000e+03
8.414000000000000000e+03
3.966000000000000000e+03
2.510000000000000000e+03
4.081000000000000000e+03
8.823000000000000000e+03
5.269000000000000000e+03
2.103000000000000000e+03
7.997000000000000000e+03
4.270000000000000000e+02
1.002000000000000000e+03
4.698000000000000000e+03
5.675000000000000000e+03
7.492000000000000000e+03
2.303000000000000000e+03
6.630000000000000000e+03
1.238000000000000000e+03
9.334000000000000000e+03
6.496000000000000000e+03
1.833000000000000000e+03
6.975000000000000000e+03
1.055000000000000000e+03
2.068000000000000000e+03
6.794000000000000000e+03
7.222000000000000000e+03
8.180000000000000000e+02
6.890000000000000000e+02
2.018000000000000000e+03
1.153000000000000000e+03
2.915000000000000000e+03
4.721000000000000000e+03
4.362000000000000000e+03
8.160000000000000000e+03
9.150000000000000000e+02
3.320000000000000000e+02
8.502000000000000000e+03
4.293000000000000000e+03
5.729000000000000000e+03
4.492000000000000000e+03
4.100000000000000000e+03
7.564000000000000000e+03
3.564000000000000000e+03
1.274000000000000000e+03
3.667000000000000000e+03
8.271000000000000000e+03
1.131000000000000000e+03
5.435000000000000000e+03
4.570000000000000000e+03
1.734000000000000000e+03
2.613000000000000000e+03
4.055000000000000000e+03
3.147000000000000000e+03
7.865000000000000000e+03
3.539000000000000000e+03
8.965000000000000000e+03
4.355000000000000000e+03
3.191000000000000000e+03
2.930000000000000000e+03
4.859000000000000000e+03
3.801000000000000000e+03
8.550000000000000000e+02
3.432000000000000000e+03
5.615000000000000000e+03
1.865000000000000000e+03
1.358000000000000000e+03
8.931000000000000000e+03
4.878000000000000000e+03
8.121000000000000000e+03
5.379000000000000000e+03
8.906000000000000000e+03
1.295000000000000000e+03
1.701000000000000000e+03
4.513000000000000000e+03
3.451000000000000000e+03
4.634000000000000000e+03
2.418000000000000000e+03
6.212000000000000000e+03
7.931000000000000000e+03
3.244000000000000000e+03
6.315000000000000000e+03
3.184000000000000000e+03
2.302000000000000000e+03
1.262000000000000000e+03
3.416000000000000000e+03
3.507000000000000000e+03
3.970000000000000000e+02
7.393000000000000000e+03
9.280000000000000000e+03
1.050000000000000000e+02
4.630000000000000000e+02
7.600000000000000000e+03
4.202000000000000000e+03
1.312000000000000000e+03
2.897000000000000000e+03
8.867000000000000000e+03
4.908000000000000000e+03
9.945000000000000000e+03
9.660000000000000000e+02
3.103000000000000000e+03
8.200000000000000000e+01
1.292000000000000000e+03
2.924000000000000000e+03
9.338000000000000000e+03
4.336000000000000000e+03
6.225000000000000000e+03
5.034000000000000000e+03
6.275000000000000000e+03
8.870000000000000000e+02
3.334000000000000000e+03
6.780000000000000000e+02
6.372000000000000000e+03
5.307000000000000000e+03
2.813000000000000000e+03
9.748000000000000000e+03
9.385000000000000000e+03
1.881000000000000000e+03
6.838000000000000000e+03
7.831000000000000000e+03
9.174000000000000000e+03
3.100000000000000000e+03
7.888000000000000000e+03
5.911000000000000000e+03
7.246000000000000000e+03
8.706000000000000000e+03
9.330000000000000000e+03
3.443000000000000000e+03
9.256000000000000000e+03
8.925000000000000000e+03
5.689000000000000000e+03
6.229000000000000000e+03
6.399000000000000000e+03
8.467000000000000000e+03
8.397000000000000000e+03
1.580000000000000000e+03
9.094000000000000000e+03
3.629000000000000000e+03
8.772000000000000000e+03
5.140000000000000000e+02
9.570000000000000000e+03
8.210000000000000000e+02
3.797000000000000000e+03
8.666000000000000000e+03
4.382000000000000000e+03
1.124000000000000000e+03
4.900000000000000000e+03
3.656000000000000000e+03
2.751000000000000000e+03
8.111000000000000000e+03
3.740000000000000000e+03
7.145000000000000000e+03
3.573000000000000000e+03
8.843000000000000000e+03
4.283000000000000000e+03
9.514000000000000000e+03
1.805000000000000000e+03
3.980000000000000000e+02
6.899000000000000000e+03
2.392000000000000000e+03
8.017000000000000000e+03
5.196000000000000000e+03
6.430000000000000000e+02
8.039000000000000000e+03
9.894000000000000000e+03
3.072000000000000000e+03
3.847000000000000000e+03
4.796000000000000000e+03
1.128000000000000000e+03
9.659000000000000000e+03
4.564000000000000000e+03
2.183000000000000000e+03
6.140000000000000000e+02
4.960000000000000000e+02
7.374000000000000000e+03
1.623000000000000000e+03
5.245000000000000000e+03
7.444000000000000000e+03
9.743000000000000000e+03
7.230000000000000000e+02
5.905000000000000000e+03
7.229000000000000000e+03
3.570000000000000000e+02
4.168000000000000000e+03
8.942000000000000000e+03
4.320000000000000000e+03
7.520000000000000000e+02
5.958000000000000000e+03
5.989000000000000000e+03
3.970000000000000000e+02
5.540000000000000000e+03
5.403000000000000000e+03
2.284000000000000000e+03
4.830000000000000000e+03
5.247000000000000000e+03
8.687000000000000000e+03
5.344000000000000000e+03
8.437000000000000000e+03
1.926000000000000000e+03
8.911000000000000000e+03
2.246000000000000000e+03
3.793000000000000000e+03
6.828000000000000000e+03
8.750000000000000000e+03
2.902000000000000000e+03
4.649000000000000000e+03
6.252000000000000000e+03
5.695000000000000000e+03
1.289000000000000000e+03
4.543000000000000000e+03
7.308000000000000000e+03
6.751000000000000000e+03
7.420000000000000000e+02
1.591000000000000000e+03
7.311000000000000000e+03
5.895000000000000000e+03
6.855000000000000000e+03
1.422000000000000000e+03
9.843000000000000000e+03
6.370000000000000000e+03
7.753000000000000000e+03
6.270000000000000000e+02
5.481000000000000000e+03
4.590000000000000000e+03
3.539000000000000000e+03
9.836000000000000000e+03
1.458000000000000000e+03
6.514000000000000000e+03
9.999000000000000000e+03
2.516000000000000000e+03
8.654000000000000000e+03
7.630000000000000000e+02
3.158000000000000000e+03
2.621000000000000000e+03
1.360000000000000000e+02
8.155000000000000000e+03
5.997000000000000000e+03
2.628000000000000000e+03
7.107000000000000000e+03
2.927000000000000000e+03
1.908000000000000000e+03
8.316000000000000000e+03
7.250000000000000000e+03
7.510000000000000000e+03
7.833000000000000000e+03
7.762000000000000000e+03
2.783000000000000000e+03
6.584000000000000000e+03
1.835000000000000000e+03
3.353000000000000000e+03
4.509000000000000000e+03
5.063000000000000000e+03
1.802000000000000000e+03
7.797000000000000000e+03
6.665000000000000000e+03
4.718000000000000000e+03
6.704000000000000000e+03
2.604000000000000000e+03
4.390000000000000000e+02
9.025000000000000000e+03
2.899000000000000000e+03
9.065000000000000000e+03
5.540000000000000000e+02
9.256000000000000000e+03
9.440000000000000000e+02
7.904000000000000000e+03
6.270000000000000000e+03
3.311000000000000000e+03
5.725000000000000000e+03
5.174000000000000000e+03
5.475000000000000000e+03
7.773000000000000000e+03
6.082000000000000000e+03
6.168000000000000000e+03
9.480000000000000000e+03
5.790000000000000000e+02
7.689000000000000000e+03
7.611000000000000000e+03
9.760000000000000000e+02
7.479000000000000000e+03
8.798000000000000000e+03
7.114000000000000000e+03
3.917000000000000000e+03
9.393000000000000000e+03
7.365000000000000000e+03
